	    	1,250s  2,500s  5,000s

C3:
PDCAT		1.144	1.197	1.261
AllExp  	1.109	1.117	1.219
O2			1.126	1.144	1.197
O3			1.084	1.147	1.172
CFSCAO1		1.141	1.186	1.203
CompTunerO1	1.178	1.206	1.227
SRTunerO1	1.105	1.117	1.249

C4:
PDCAT		1.119	1.162	1.193
AllExp  	1.053	1.104	1.116
O2			1.146	1.146	1.171
O3			1.062	1.085	1.093
CFSCAO1		1.102	1.128	1.144
CompTunerO1	1.086	1.114	1.128
SRTunerO1	1.123	1.154	1.176

C9: 
PDCAT		1.085	1.118	1.122
AllExp  	1.074	1.102	1.109
O2			1.068	1.084	1.103
O3			1.075	1.077	1.086
CFSCAO1		1.093	1.106	1.115
CompTunerO1	1.075	1.093	1.102
SRTunerO1	1.098	1.102	1.117

C16:
PDCAT		1.074	1.108	1.124
AllExp  	1.072	1.094	1.113
O2			1.108	1.120	1.120
O3			1.066	1.085	1.097
CFSCAO1		1.112	1.112	1.131
CompTunerO1	1.099	1.101	1.104				
SRTunerO1	1.106	1.119	1.128

C23:
PDCAT		1.069	1.144	1.144
AllExp  	1.061	1.125	1.162
O2			1.115	1.129	1.149
O3			1.103	1.114	1.121
CFSCAO1		1.064	1.094	1.125
CompTunerO1	1.137	1.165	1.196
SRTunerO1	1.097	1.124	1.131

P4:
PDCAT		1.054	1.054	1.082
AllExp  	1.066	1.073	1.080
O2			1.076	1.076	1.076
O3			1.055	1.073	1.093
CFSCAO1		1.029	1.048	1.052
CompTunerO1	1.053	1.074	1.082
SRTunerO1	1.065	1.077	1.093

P6:
PDCAT		1.073	1.085	1.107
AllExp  	1.082	1.099	1.104
O2			1.088	1.107	1.136
O3			1.098	1.109	1.115
CFSCAO1		1.084	1.127	1.133
CompTunerO1 1.059	1.054	1.072
SRTunerO1	1.063	1.108	1.112

P8:
PDCAT		1.021	1.048	1.048
AllExp  	1.016	1.034	1.042
O2			1.033	1.045	1.045
O3			1.041	1.044	1.044
CFSCAO1		1.039	1.059	1.063	
CompTunerO1	1.034	1.039	1.048
SRTunerO1	1.041	1.056	1.056

P10:
PDCAT		1.053	1.071	1.083
AllExp  	1.048	1.056	1.125
O2			1.092	1.114	1.119
O3			1.102	1.102	1.102
CFSCAO1		1.068	1.075	1.099	
CompTunerO1	1.056	1.079	1.086
SRTunerO1	1.082	1.109	1.115

P11:
PDCAT		1.077	1.095	1.124
AllExp  	1.061	1.088	1.109
O2			1.075	1.092	1.096
O3			1.069	1.081	1.092
CFSCAO1		1.053	1.053	1.072
CompTunerO1	1.049	1.057	1.076
SRTunerO1	1.054	1.072	1.079

P14:
PDCAT		1.068	1.128	1.131
AllExp  	1.055	1.112	1.126
O2			1.088	1.115	1.121
O3			1.072	1.089	1.104
CFSCAO1		1.065	1.086	1.117
CompTunerO1	1.103	1.107	1.115
SRTunerO1	1.105	1.113	1.127

P15:
PDCAT		1.063	1.104	1.125
AllExp  	1.058	1.092	1.136
O2			1.105	1.127	1.132
O3			1.092	1.105	1.113
CFSCAO1		1.047	1.094	1.108
CompTunerO1	1.084	1.095	1.107
SRTunerO1	1.099	1.105	1.118

P20:
PDCAT		1.062	1.097	1.215
AllExp  	1.034	1.075	1.094
O2			1.114	1.153	1.191
O3			1.087	1.115	1.126
CFSCAO1		1.106	1.148	1.157
CompTunerO1	1.122	1.145	1.182
SRTunerO1	1.112	1.194	1.216

P26:
PDCAT		1.076	1.113	1.113
AllExp  	1.093	1.120	1.134
O2			1.089	1.131	1.138
O3			1.064	1.086	1.107
CFSCAO1		1.084	1.126	1.134
CompTunerO1	1.097	1.103	1.121
SRTunerO1	1.117	1.125	1.138

P27:
PDCAT		1.462	1.618	1.761
AllExp  	1.484	1.683	1.683
O2			1.499	1.529	1.529
O3			1.248	1.392	1.577
CFSCAO1		1.368	1.447	1.591
CompTunerO1	1.452	1.572	1.606
SRTunerO1	1.535	1.602	1.694

P28:
PDCAT		1.066	1.066	1.091
AllExp  	1.049	1.052	1.089
O2			1.053	1.069	1.074
O3			1.072	1.084	1.106
CFSCAO1		1.076	1.095	1.104	
CompTunerO1	1.036	1.053	1.053
SRTunerO1	1.068	1.076	1.081

P29:
PDCAT		1.037	1.072	1.077
AllExp  	1.068	1.068	1.094
O2			1.061	1.092	1.102
O3			1.064	1.065	1.114
CFSCAO1		1.054	1.069	1.069
CompTunerO1	1.051	1.051	1.059
SRTunerO1	1.041	1.057	1.066

P30:
PDCAT		1.098	1.119	1.172
AllExp  	1.075	1.104	1.159
O2			1.095	1.124	1.138
O3			1.108	1.113	1.121
CFSCAO1		1.116	1.132	1.149
CompTunerO1	1.107	1.118	1.124
SRTunerO1	1.086	1.118	1.129
