	    	1,250s  2,500s  5,000s

C3:
PDCAT		1.144	1.197	1.261
NoInitial	1.094	1.139	1.196
10			1.108	1.119	1.224
20			1.125	1.174	1.227

C4:
PDCAT		1.119	1.162	1.193
NoInitial	1.085	1.094	1.137
10			1.107	1.118	1.148
20			1.112	1.176	1.176

C9: 
PDCAT		1.085	1.118	1.122
NoInitial	1.068	1.103	1.112
10			1.073	1.105	1.105
20			1.109	1.113	1.117

C16:
PDCAT		1.074	1.108	1.124
NoInitial	1.062	1.077	1.108
10			1.089	1.089	1.117
20			1.091	1.116	1.119

C23:
PDCAT		1.069	1.144	1.144
NoInitial	1.052	1.093	1.113
10			1.055	1.109	1.128
20			1.064	1.122	1.134

P4:
PDCAT		1.054	1.054	1.082
NoInitial	1.042	1.073	1.121
10			1.064	1.064	1.071
20			1.116	1.119	1.119

P6:
PDCAT		1.073	1.085	1.107
NoInitial	1.039	1.064	1.078
10			1.052	1.093	1.093
20			1.041	1.072	1.099

P8:
PDCAT		1.021	1.048	1.048
NoInitial	1.025	1.044	1.050
10			1.032	1.039	1.039
20			1.043	1.047	1.052

P10:
PDCAT		1.053	1.071	1.083
NoInitial	1.039	1.058	1.069
10			1.088	1.088	1.088
20			1.039	1.057	1.076

P11:
PDCAT		1.077	1.095	1.124
NoInitial	1.021	1.064	1.073
10			1.026	1.073	1.079
20			1.055	1.081	1.096

P14:
PDCAT		1.068	1.128	1.131
NoInitial	1.044	1.093	1.117		
10			1.047	1.081	1.119
20			1.032	1.115	1.124

P15:
PDCAT		1.063	1.104	1.125
NoInitial	1.034	1.052	1.079
10			1.042	1.095	1.112
20			1.079	1.079	1.118

P20:
PDCAT		1.062	1.097	1.215
NoInitial	1.047	1.062	1.108
10			1.049	1.068	1.110
20			1.051	1.117	1.173

P26:
PDCAT		1.076	1.113	1.113
NoInitial	1.068	1.086	1.099
10			1.054	1.097	1.104
20			1.076	1.108	1.117

P27:
PDCAT		1.462	1.618	1.761
NoInitial	1.367	1.495	1.651
10			1.319	1.526	1.663
20			1.496	1.582	1.582

P28:
PDCAT		1.066	1.066	1.091
NoInitial	1.022	1.039	1.072
10			1.028	1.053	1.079
20			1.047	1.059	1.085

P29:
PDCAT		1.037	1.072	1.077
NoInitial	1.041	1.041	1.067
10			1.034	1.057	1.071
20			1.085	1.085	1.085

P30:
PDCAT		1.098	1.119	1.172
NoInitial	1.059	1.086	1.124	
10			1.074	1.109	1.132
20			1.083	1.112	1.146
