                1,250s  2,500s  5,000s

C3:
PDCAT	        1.128	1.179	1.223
RIO             1.145   1.146   1.186
CFSCA           1.257   1.338   1.389
CompTuner       1.036   1.149   1.180
SRTuner         1.075   1.172   1.293

C4:     
PDCAT	        1.109	1.150	1.159
RIO             1.092   1.107   1.108
CFSCA           1.056   1.120   1.142
CompTuner       1.098   1.098   1.135
SRTuner         1.067   1.102   1.110

C9:
PDCAT	        1.081	1.172	1.176
RIO             1.018   1.018   1.044
CFSCA           1.003   1.080   1.086 
CompTuner       1.061   1.169   1.171   
SRTuner         1.070   1.123   1.147

C16:
PDCAT	        1.199	1.132	1.161
RIO             1.069   1.075   1.075
CFSCA           1.068   1.098   1.121   
CompTuner       1.081   1.164   1.181 
SRTuner         1.034   1.117   1.119

C23:
PDCAT	        1.094	1.141	1.154
RIO             1.117   1.117   1.131
CFSCA           1.092   1.129   1.129
CompTuner       1.048   1.048   1.054
SRTuner         1.095   1.108   1.116

C25:
PDCAT	        1.135	1.352	1.337
RIO             1.118   1.175   1.211
CFSCA           1.119   1.274   1.283
CompTuner       1.159   1.218   1.251
SRTuner         1.222   1.237   1.261

C26:
PDCAT	        1.174	1.239	1.284
RIO             1.122   1.163   1.181
CFSCA           1.165   1.268   1.291
CompTuner       1.148   1.253   1.253
SRTuner         1.168   1.296   1.308

P2:
PDCAT	        1.038	1.083	1.131
RIO             1.038   1.042   1.056
CFSCA           1.089   1.089   1.091 
CompTuner       1.068   1.094   1.099
SRTuner         1.045   1.102   1.105

P4:
PDCAT	        1.065	1.079	1.087
RIO             1.048   1.048   1.054
CFSCA           1.074   1.092   1.092   
CompTuner       1.036   1.036   1.058
SRTuner         1.012   1.058   1.059

P6:
PDCAT	        1.053	1.075	1.098
RIO             1.030   1.031   1.036
CFSCA           1.026   1.026   1.032
CompTuner       1.059   1.076   1.104
SRTuner         1.044   1.074   1.084

P8:
PDCAT	        1.017	1.029	1.055
RIO             1.026   1.084   1.092
CFSCA           1.025   1.029   1.034
CompTuner       1.009   1.015   1.032
SRTuner         1.005   1.033   1.065

P10:
PDCAT	        1.026	1.055	1.067
RIO             1.023   1.031   1.034
CFSCA           1.021   1.026   1.030
CompTuner       1.053   1.085   1.095
SRTuner         1.036   1.052   1.086

P11:
PDCAT	        1.035	1.059	1.088
RIO             1.033   1.041   1.044
CFSCA           1.045   1.092   1.095   
CompTuner       1.029   1.029   1.037   
SRTuner         1.026   1.068   1.078

P20:
PDCAT	        1.056	1.105	1.183
RIO             1.076   1.094   1.102
CFSCA           1.012   1.094   1.271   
CompTuner       1.008   1.083   1.269   
SRTuner         1.087   1.100   1.292

P23:
PDCAT	        1.070	1.142	1.158
RIO             1.045   1.053   1.073
CFSCA           1.054   1.093   1.095   
CompTuner       1.048   1.101   1.126
SRTuner         1.061   1.074   1.099

P26:
PDCAT	        1.094	1.097	1.139
RIO             1.055   1.105   1.115
CFSCA           1.077   1.087   1.090
CompTuner       1.070   1.076   1.172
SRTuner         1.125   1.139   1.149

P29:
PDCAT	        1.031	1.035	1.035
RIO             1.016   1.024   1.029
CFSCA           1.057   1.072   1.072 
CompTuner       1.024   1.059   1.065
SRTuner         1.013   1.028   1.053

P30:
PDCAT	        1.068	1.125	1.110
RIO             1.053   1.079   1.092
CFSCA           1.044   1.047   1.093   
CompTuner       1.033   1.098   1.121   
SRTuner         1.053   1.110   1.152