	    	1,250s  2,500s  5,000s

C15:
PDCAT		1.047	1.063	1.090
RIO		1.025	1.031	1.047
CFSCA		1.049	1.052	1.064
CompTuner	1.084	1.088	1.092	
SRTuner		1.042	1.047	1.054

C16:
PDCAT		1.126	1.126	1.126
RIO		1.048	1.049	1.068	
CFSCA		1.085	1.093	1.104
CompTuner	1.083	1.114	1.127
SRTuner		1.074	1.119	1.128

C17:
PDCAT		1.078	1.129	1.145
RIO		1.043	1.048	1.065
CFSCA		1.085	1.136	1.151
CompTuner	1.056	1.094	1.113
SRTuner		1.079	1.132	1.148

C18:
PDCAT		1.054	1.092	1.094
RIO		1.084	1.095	1.102
CFSCA		1.081	1.100	1.106
CompTuner	1.047	1.102	1.117
SRTuner		1.052	1.068	1.068

C23:
PDCAT		1.116	1.153	1.158
RIO		1.116	1.137	1.147 
CFSCA		1.047 	1.122	1.123
CompTuner	1.004	1.024	1.035 
SRTuner		1.142	1.153 	1.157

C25:
PDCAT		1.093	1.238	1.275
RIO		1.072	1.169	1.177
CFSCA		1.093	1.208	1.243 
CompTuner	1.125	1.148	1.183 
SRTuner		1.186	1.199	1.227

P2:
PDCAT		1.086	1.099	1.117
RIO		1.032	1.040	1.040
CFSCA		1.079	1.079	1.096 
CompTuner	1.074	1.102	1.107 
SRTuner		1.083	1.096	1.113

P4:
PDCAT		1.076	1.095	1.095
RIO		1.031	1.034	1.037
CFSCA		1.057	1.092	1.105 
CompTuner	1.022	1.022	1.029 
SRTuner		1.022	1.030	1.034

P6:
PDCAT		1.048	1.062	1.080
RIO		1.036	1.036	1.036
CFSCA		1.033	1.039	1.039
CompTuner	1.041	1.077	1.096
SRTuner		1.057	1.068	1.082

P8:
PDCAT		1.028	1.028	1.065
RIO		1.027	1.038	1.052
CFSCA		1.036	1.036	1.043
CompTuner	1.012	1.018	1.053	
SRTuner		1.038	1.052	1.069

P10:
PDCAT		1.032	1.051	1.063
RIO		1.017	1.019	1.019
CFSCA		1.054	1.063	1.063
CompTuner	1.047	1.049	1.061
SRTuner		1.066	1.073	1.075

P16:
PDCAT		1.062	1.105	1.171
RIO		1.041	1.054	1.066
CFSCA		1.055	1.093	1.145
CompTuner	1.049	1.081	1.123
SRTuner		1.064	1.099	1.128

P21:
PDCAT		1.082	1.135	1.183
RIO		1.063	1.091	1.122
CFSCA		1.067	1.144	1.168
CompTuner	1.077	1.104	1.106
SRTuner		1.114	1.159	1.204

P22:
PDCAT		1.105	1.228	1.283
RIO		1.074	1.116	1.143
CFSCA		1.083	1.195	1.195
CompTuner	1.149	1.149	1.218
SRTuner		1.096	1.162	1.193

P23:
PDCAT		1.044	1.044	1.108
RIO		1.029	1.035	1.035 
CFSCA		1.044	1.073	1.081  
CompTuner	1.076	1.089	1.112  
SRTuner		1.057	1.088	1.109

P27:
PDCAT		1.454	1.728	1.863
RIO		1.193	1.382	1.516
CFSCA		1.362	1.622	1.681	
CompTuner	1.383	1.347	1.835	
SRTuner		1.759	1.915	1.924

P28:
PDCAT		1.008	1.038	1.059
RIO		1.025	1.046	1.071
CFSCA		0.982	0.988	1.018	
CompTuner	1.033   1.035   1.039
SRTuner		1.005	1.051	1.054

P29:
PDCAT		1.046	1.046	1.059
RIO		1.037	1.047	1.054
CFSCA		1.039	1.061	1.070 
CompTuner	1.014	1.078	1.083
SRTuner		1.013	1.030	1.033
