	    	1,250s  2,500s  5,000s

C3:
PDCAT		1.144	1.197	1.261
RIO			1.121	1.136	1.148
CFSCA		1.119	1.132	1.159	
CompTuner	1.128	1.147	1.206	
SRTuner		1.139	1.174	1.225

C4:
PDCAT		1.119	1.162	1.193
RIO			1.054	1.079	1.096
CFSCA		1.108	1.114	1.136	
CompTuner	1.086	1.112	1.117	
SRTuner		1.123	1.154	1.162

C9: 
PDCAT		1.085	1.118	1.122
RIO			1.032	1.044	1.050
CFSCA		1.089	1.108	1.128	
CompTuner	1.075	1.083	1.093	
SRTuner		1.071	1.103	1.103

C16:
PDCAT		1.074	1.108	1.124
RIO			1.036	1.053	1.073
CFSCA		1.093	1.121	1.126	
CompTuner	1.049	1.049	1.064	
SRTuner		1.087	1.106	1.114

C23:
PDCAT		1.069	1.144	1.144
RIO			1.109	1.109	1.109
CFSCA		1.089	1.106	1.129	
CompTuner	1.137	1.165	1.175	
SRTuner		1.114	1.126	1.129

P4:
PDCAT		1.054	1.054	1.082
RIO			1.044	1.053	1.053
CFSCA		1.028	1.062	1.064	
CompTuner	1.059	1.071	1.078	
SRTuner		1.077	1.095	1.108

P6:
PDCAT		1.073	1.085	1.107
RIO			1.042	1.051	1.051
CFSCA		1.082	1.082	1.094	
CompTuner	1.059	1.054	1.079	
SRTuner		1.052	1.071	1.071

P8:
PDCAT		1.021	1.048	1.048
RIO			1.019	1.019	1.033
CFSCA		1.044	1.058	1.058	
CompTuner	1.039	1.039	1.055	
SRTuner		1.044	1.044	1.061

P10:
PDCAT		1.053	1.071	1.083
RIO			1.014	1.019	1.025
CFSCA		1.069	1.082	1.084	
CompTuner	1.056	1.079	1.081	
SRTuner		1.075	1.079	1.091

P11:
PDCAT		1.077	1.095	1.124
RIO			1.049	1.049	1.052
CFSCA		1.061	1.072	1.079	
CompTuner	1.049	1.057	1.073	
SRTuner		1.048	1.054	1.056

P14:
PDCAT		1.068	1.128	1.131
RIO			1.076	1.076	1.088
CFSCA		1.047	1.116	1.116
CompTuner	1.061	1.094	1.109
SRTuner		1.063	1.072	1.112

P15:
PDCAT		1.063	1.104	1.125
RIO			1.034	1.052	1.079
CFSCA		1.052	1.094	1.108
CompTuner	1.059	1.112	1.119
SRTuner		1.094	1.116	1.143

P20:
PDCAT		1.062	1.097	1.215
RIO			1.092	1.116	1.124
CFSCA		1.112	1.124	1.149	
CompTuner	1.082	1.109	1.137	
SRTuner		1.109	1.124	1.142

P26:
PDCAT		1.076	1.113	1.113
RIO			1.069	1.119	1.119
CFSCA		1.083	1.117	1.128	
CompTuner	1.098	1.102	1.116	
SRTuner		1.093	1.109	1.115

P27:
PDCAT		1.462	1.618	1.761
RIO			1.337	1.512	1.672
CFSCA		1.394	1.576	1.596	
CompTuner	1.471	1.619	1.615	
SRTuner		1.519	1.669	1.742

P28:
PDCAT		1.066	1.066	1.091
RIO			1.011	1.042	1.057
CFSCA		1.076	1.084	1.098	
CompTuner	1.033	1.059	1.059	
SRTuner		1.057	1.059	1.068

P29:
PDCAT		1.037	1.072	1.077
RIO			1.004	1.013	1.013
CFSCA		1.051	1.053	1.062	
CompTuner	1.058	1.058	1.071	
SRTuner		1.046	1.059	1.064

P30:
PDCAT		1.098	1.119	1.172
RIO			1.081	1.109	1.118
CFSCA		1.062	1.137	1.145	
CompTuner	1.105	1.114	1.121	
SRTuner		1.095	1.116	1.124